{
 "cells": [
  {
   "cell_type": "code",
   "execution_count": 1,
   "metadata": {},
   "outputs": [],
   "source": [
    "import numpy as np\n",
    "import pandas as pd\n",
    "import tensorflow as tf\n",
    "import deepchem as dc\n",
    "from deepchem.molnet import load_qm7, load_qm7_from_mat\n",
    "from sklearn.kernel_ridge import KernelRidge\n",
    "import matplotlib.pyplot as plt\n",
    "import seaborn as sns\n",
    "\n",
    "from rdkit import Chem\n",
    "from rdkit.Chem.Draw import IPythonConsole, rdMolDraw2D\n",
    "from rdkit.Chem import Draw, rdDepictor\n",
    "from IPython.display import SVG\n",
    "\n",
    "from __future__ import print_function\n",
    "from __future__ import division\n",
    "from __future__ import unicode_literals\n",
    "\n",
    "%matplotlib inline"
   ]
  },
  {
   "cell_type": "markdown",
   "metadata": {},
   "source": [
    "### Load data set \n"
   ]
  },
  {
   "cell_type": "code",
   "execution_count": 2,
   "metadata": {},
   "outputs": [
    {
     "name": "stdout",
     "output_type": "stream",
     "text": [
      "Loading raw samples now.\n",
      "shard_size: 8192\n",
      "Reading structures from raw_data/gdb7.sdf.\n",
      "Currently featurizing feature_type: CoulombMatrix\n",
      "Featurizing sample 0\n",
      "Featurizing sample 1000\n",
      "Featurizing sample 2000\n",
      "Featurizing sample 3000\n",
      "Featurizing sample 4000\n",
      "Featurizing sample 5000\n",
      "Featurizing sample 6000\n",
      "Featurizing sample 7000\n",
      "TIMING: featurizing shard 0 took 3.907 s\n",
      "TIMING: dataset construction took 5.864 s\n",
      "Loading dataset from disk.\n"
     ]
    }
   ],
   "source": [
    "dataset_file = \"raw_data/gdb7.sdf\"\n",
    "\n",
    "qm7_tasks = [\"u0_atom\"]\n",
    "\n",
    "featurizer = dc.feat.CoulombMatrix(max_atoms=23)\n",
    "\n",
    "loader = dc.data.SDFLoader(\n",
    "  tasks=['u0_atom'],\n",
    "  smiles_field=\"smiles\",\n",
    "  mol_field=\"mol\",\n",
    "  featurizer=featurizer)\n",
    "\n",
    "dataset = loader.featurize(dataset_file)"
   ]
  },
  {
   "cell_type": "code",
   "execution_count": 7,
   "metadata": {},
   "outputs": [
    {
     "name": "stdout",
     "output_type": "stream",
     "text": [
      "TIMING: dataset construction took 0.372 s\n",
      "Loading dataset from disk.\n",
      "TIMING: dataset construction took 0.160 s\n",
      "Loading dataset from disk.\n",
      "TIMING: dataset construction took 0.169 s\n",
      "Loading dataset from disk.\n"
     ]
    },
    {
     "name": "stderr",
     "output_type": "stream",
     "text": [
      "/Users/nathalie.willems/anaconda3/envs/deepchem/lib/python3.5/site-packages/deepchem/trans/transformers.py:148: RuntimeWarning: divide by zero encountered in true_divide\n",
      "  X = np.nan_to_num((X - self.X_means) / self.X_stds)\n",
      "/Users/nathalie.willems/anaconda3/envs/deepchem/lib/python3.5/site-packages/deepchem/trans/transformers.py:148: RuntimeWarning: invalid value encountered in true_divide\n",
      "  X = np.nan_to_num((X - self.X_means) / self.X_stds)\n"
     ]
    },
    {
     "name": "stdout",
     "output_type": "stream",
     "text": [
      "TIMING: dataset construction took 0.469 s\n",
      "Loading dataset from disk.\n",
      "TIMING: dataset construction took 0.058 s\n",
      "Loading dataset from disk.\n",
      "TIMING: dataset construction took 0.057 s\n",
      "Loading dataset from disk.\n"
     ]
    }
   ],
   "source": [
    "splitter = dc.splits.SingletaskStratifiedSplitter(task_number=0)\n",
    "\n",
    "train_dataset, valid_dataset, test_dataset = splitter.train_valid_test_split(dataset)\n",
    "\n",
    "transformer = dc.trans.NormalizationTransformer(transform_X=True, dataset=train_dataset, move_mean=True)\n",
    "\n",
    "train_trans = transformer.transform(train_dataset)\n",
    "valid_trans = transformer.transform(valid_dataset)\n",
    "test_trans = transformer.transform(test_dataset)\n"
   ]
  },
  {
   "cell_type": "markdown",
   "metadata": {},
   "source": [
    "Hansen et al (2013) state that normalisation scaling of inputs is detrimental to model performance as the input dimensions are related. \n",
    "In this notebook, we will compare the performance of scaled and non-scaled inputs. \n",
    "\n"
   ]
  },
  {
   "cell_type": "code",
   "execution_count": 8,
   "metadata": {},
   "outputs": [
    {
     "name": "stdout",
     "output_type": "stream",
     "text": [
      "((5728, 23, 23), (5728, 1), (5728, 1), (5728,))\n",
      "((716, 23, 23), (716, 1), (716, 1), (716,))\n",
      "((716, 23, 23), (716, 1), (716, 1), (716,))\n"
     ]
    }
   ],
   "source": [
    "print(train_dataset.get_shape())\n",
    "print(valid_dataset.get_shape())\n",
    "print(test_dataset.get_shape())"
   ]
  },
  {
   "cell_type": "code",
   "execution_count": 9,
   "metadata": {
    "scrolled": true
   },
   "outputs": [
    {
     "name": "stdout",
     "output_type": "stream",
     "text": [
      "train ((5728, 23, 23), (5728, 1), (5728, 1), (5728,))\n",
      "train (array([[4.36189166e+01, 1.47551583e+01, 8.73190833e+00, 6.80681517e+00,\n",
      "        5.93337888e+00, 5.55602359e+00, 5.79273122e+00, 2.94389303e+00,\n",
      "        2.63742767e+00, 2.14624925e+00, 1.18254835e+00, 9.81038352e-01,\n",
      "        8.03944903e-01, 6.45212957e-01, 5.28738709e-01, 3.69236571e-01,\n",
      "        2.81191177e-01, 1.56197195e-01, 9.37325518e-02, 4.04527216e-02,\n",
      "        1.42287955e-02, 3.24406189e-03, 0.00000000e+00],\n",
      "       [1.47551583e+01, 4.29481732e+01, 1.46562708e+01, 9.79646763e+00,\n",
      "        8.01165808e+00, 7.34423089e+00, 7.25214313e+00, 1.62182391e+00,\n",
      "        1.64854446e+00, 1.76108381e+00, 1.91484260e+00, 1.38085427e+00,\n",
      "        1.01565977e+00, 8.18773846e-01, 6.61855618e-01, 4.64815810e-01,\n",
      "        3.53041374e-01, 1.97862173e-01, 1.20010322e-01, 5.25874005e-02,\n",
      "        1.77883379e-02, 4.06060267e-03, 0.00000000e+00],\n",
      "       [8.73190833e+00, 1.46562708e+01, 4.33673320e+01, 1.40236629e+01,\n",
      "        9.37523730e+00, 7.70891376e+00, 7.20536782e+00, 1.14104317e+00,\n",
      "        1.35569057e+00, 1.50227967e+00, 1.88974950e+00, 1.81756956e+00,\n",
      "        1.42689827e+00, 9.64532570e-01, 7.05466687e-01, 4.92227532e-01,\n",
      "        3.68730006e-01, 2.08535743e-01, 1.28375545e-01, 5.64756953e-02,\n",
      "        1.99150053e-02, 4.70361723e-03, 0.00000000e+00],\n",
      "       [6.80681517e+00, 9.79646763e+00, 1.40236629e+01, 4.51728194e+01,\n",
      "        1.41195601e+01, 9.22117904e+00, 7.29900470e+00, 9.61137431e-01,\n",
      "        1.08449719e+00, 1.25456696e+00, 1.55244614e+00, 1.65299186e+00,\n",
      "        1.63427572e+00, 1.37429271e+00, 9.69257323e-01, 6.03300649e-01,\n",
      "        4.17043426e-01, 2.33039872e-01, 1.43033261e-01, 6.20004807e-02,\n",
      "        2.22912532e-02, 4.99043463e-03, 0.00000000e+00],\n",
      "       [5.93337888e+00, 8.01165808e+00, 9.37523730e+00, 1.41195601e+01,\n",
      "        4.69942366e+01, 1.32411255e+01, 8.95806386e+00, 8.42075938e-01,\n",
      "        9.23131889e-01, 1.04270009e+00, 1.29924375e+00, 1.42520240e+00,\n",
      "        1.48128251e+00, 1.45902148e+00, 1.25671120e+00, 8.84736511e-01,\n",
      "        5.62383002e-01, 2.86863142e-01, 1.65269975e-01, 7.21069044e-02,\n",
      "        2.66515104e-02, 6.30979243e-03, 0.00000000e+00],\n",
      "       [5.55602359e+00, 7.34423089e+00, 7.70891376e+00, 9.22117904e+00,\n",
      "        1.32411255e+01, 4.17527191e+01, 1.34123054e+01, 7.77730878e-01,\n",
      "        8.22955659e-01, 9.01631772e-01, 1.06298562e+00, 1.15850082e+00,\n",
      "        1.23841304e+00, 1.24205205e+00, 1.20983677e+00, 9.94262474e-01,\n",
      "        7.87823515e-01, 4.49478079e-01, 2.41863135e-01, 9.39104358e-02,\n",
      "        3.13038788e-02, 6.92420210e-03, 0.00000000e+00],\n",
      "       [5.79273122e+00, 7.25214313e+00, 7.20536782e+00, 7.29900470e+00,\n",
      "        8.95806386e+00, 1.34123054e+01, 4.65975799e+01, 7.74592845e-01,\n",
      "        8.10749276e-01, 8.20691382e-01, 9.30651027e-01, 9.36234903e-01,\n",
      "        1.02604756e+00, 9.85235430e-01, 1.03273885e+00, 8.44211047e-01,\n",
      "        8.16003646e-01, 5.33076617e-01, 3.87980860e-01, 1.84616090e-01,\n",
      "        7.26414213e-02, 1.65979269e-02, 0.00000000e+00],\n",
      "       [2.94389303e+00, 1.62182391e+00, 1.14104317e+00, 9.61137431e-01,\n",
      "        8.42075938e-01, 7.77730878e-01, 7.74592845e-01, 4.98952514e-01,\n",
      "        2.77194132e-01, 2.41022094e-01, 1.63372750e-01, 1.32977073e-01,\n",
      "        1.08492967e-01, 9.15560990e-02, 7.66847481e-02, 5.47530735e-02,\n",
      "        4.19290432e-02, 2.35572673e-02, 1.43557135e-02, 6.23833231e-03,\n",
      "        2.17833937e-03, 4.82350000e-04, 0.00000000e+00],\n",
      "       [2.63742767e+00, 1.64854446e+00, 1.35569057e+00, 1.08449719e+00,\n",
      "        9.23131889e-01, 8.22955659e-01, 8.10749276e-01, 2.77194132e-01,\n",
      "        4.97555866e-01, 2.49940275e-01, 1.74528385e-01, 1.42728128e-01,\n",
      "        1.21736216e-01, 9.67334021e-02, 7.81243406e-02, 5.48217148e-02,\n",
      "        4.20863619e-02, 2.35783628e-02, 1.43783060e-02, 6.20662136e-03,\n",
      "        2.24660953e-03, 5.48059768e-04, 0.00000000e+00],\n",
      "       [2.14624925e+00, 1.76108381e+00, 1.50227967e+00, 1.25456696e+00,\n",
      "        1.04270009e+00, 9.01631772e-01, 8.20691382e-01, 2.41022094e-01,\n",
      "        2.49940275e-01, 4.93365922e-01, 1.87795437e-01, 1.61325140e-01,\n",
      "        1.29710143e-01, 1.02196363e-01, 8.39970809e-02, 5.87800476e-02,\n",
      "        4.43523093e-02, 2.48133819e-02, 1.47330906e-02, 6.36550820e-03,\n",
      "        2.23484778e-03, 4.95178977e-04, 0.00000000e+00],\n",
      "       [1.18254835e+00, 1.91484260e+00, 1.88974950e+00, 1.55244614e+00,\n",
      "        1.29924375e+00, 1.06298562e+00, 9.30651027e-01, 1.63372750e-01,\n",
      "        1.74528385e-01, 1.87795437e-01, 4.83065642e-01, 2.11046539e-01,\n",
      "        1.56198974e-01, 1.18357612e-01, 9.36393369e-02, 6.67979224e-02,\n",
      "        5.08068764e-02, 2.93755982e-02, 1.81731086e-02, 8.04696576e-03,\n",
      "        2.81094509e-03, 6.86665812e-04, 0.00000000e+00],\n",
      "       [9.81038352e-01, 1.38085427e+00, 1.81756956e+00, 1.65299186e+00,\n",
      "        1.42520240e+00, 1.15850082e+00, 9.36234903e-01, 1.32977073e-01,\n",
      "        1.42728128e-01, 1.61325140e-01, 2.11046539e-01, 4.65782123e-01,\n",
      "        1.93163471e-01, 1.35670550e-01, 9.86022342e-02, 6.72972570e-02,\n",
      "        5.00246373e-02, 2.82822065e-02, 1.73075188e-02, 7.64297058e-03,\n",
      "        2.65156448e-03, 6.17544832e-04, 0.00000000e+00],\n",
      "       [8.03944903e-01, 1.01565977e+00, 1.42689827e+00, 1.63427572e+00,\n",
      "        1.48128251e+00, 1.23841304e+00, 1.02604756e+00, 1.08492967e-01,\n",
      "        1.21736216e-01, 1.29710143e-01, 1.56198974e-01, 1.93163471e-01,\n",
      "        4.32437151e-01, 1.69988412e-01, 1.17219592e-01, 7.42715503e-02,\n",
      "        5.28023728e-02, 3.01714681e-02, 1.82772649e-02, 8.05217328e-03,\n",
      "        2.88134241e-03, 6.49257433e-04, 0.00000000e+00],\n",
      "       [6.45212957e-01, 8.18773846e-01, 9.64532570e-01, 1.37429271e+00,\n",
      "        1.45902148e+00, 1.24205205e+00, 9.85235430e-01, 9.15560990e-02,\n",
      "        9.67334021e-02, 1.02196363e-01, 1.18357612e-01, 1.35670550e-01,\n",
      "        1.69988412e-01, 3.78404330e-01, 1.48174631e-01, 8.94586122e-02,\n",
      "        5.93322177e-02, 3.18242900e-02, 1.92165390e-02, 8.30921999e-03,\n",
      "        3.01174158e-03, 6.90377896e-04, 0.00000000e+00],\n",
      "       [5.28738709e-01, 6.61855618e-01, 7.05466687e-01, 9.69257323e-01,\n",
      "        1.25671120e+00, 1.20983677e+00, 1.03273885e+00, 7.66847481e-02,\n",
      "        7.81243406e-02, 8.39970809e-02, 9.36393369e-02, 9.86022342e-02,\n",
      "        1.17219592e-01, 1.48174631e-01, 3.24458799e-01, 1.11028705e-01,\n",
      "        7.06088861e-02, 3.57030888e-02, 2.02602196e-02, 8.89048584e-03,\n",
      "        3.31796991e-03, 7.11500870e-04, 0.00000000e+00],\n",
      "       [3.69236571e-01, 4.64815810e-01, 4.92227532e-01, 6.03300649e-01,\n",
      "        8.84736511e-01, 9.94262474e-01, 8.44211047e-01, 5.47530735e-02,\n",
      "        5.48217148e-02, 5.87800476e-02, 6.67979224e-02, 6.72972570e-02,\n",
      "        7.42715503e-02, 8.94586122e-02, 1.11028705e-01, 2.40398045e-01,\n",
      "        8.80596831e-02, 4.28711240e-02, 2.34340517e-02, 9.44953528e-03,\n",
      "        3.32585032e-03, 7.81774015e-04, 0.00000000e+00],\n",
      "       [2.81191177e-01, 3.53041374e-01, 3.68730006e-01, 4.17043426e-01,\n",
      "        5.62383002e-01, 7.87823515e-01, 8.16003646e-01, 4.19290432e-02,\n",
      "        4.20863619e-02, 4.43523093e-02, 5.08068764e-02, 5.00246373e-02,\n",
      "        5.28023728e-02, 5.93322177e-02, 7.06088861e-02, 8.80596831e-02,\n",
      "        1.86103352e-01, 5.33206840e-02, 2.79802233e-02, 1.07174666e-02,\n",
      "        3.38251701e-03, 7.60925988e-04, 0.00000000e+00],\n",
      "       [1.56197195e-01, 1.97862173e-01, 2.08535743e-01, 2.33039872e-01,\n",
      "        2.86863142e-01, 4.49478079e-01, 5.33076617e-01, 2.35572673e-02,\n",
      "        2.35783628e-02, 2.48133819e-02, 2.93755982e-02, 2.82822065e-02,\n",
      "        3.01714681e-02, 3.18242900e-02, 3.57030888e-02, 4.28711240e-02,\n",
      "        5.33206840e-02, 1.09375000e-01, 3.46666814e-02, 1.31007259e-02,\n",
      "        4.21124413e-03, 7.99075259e-04, 0.00000000e+00],\n",
      "       [9.37325518e-02, 1.20010322e-01, 1.28375545e-01, 1.43033261e-01,\n",
      "        1.65269975e-01, 2.41863135e-01, 3.87980860e-01, 1.43557135e-02,\n",
      "        1.43783060e-02, 1.47330906e-02, 1.81731086e-02, 1.73075188e-02,\n",
      "        1.82772649e-02, 1.92165390e-02, 2.02602196e-02, 2.34340517e-02,\n",
      "        2.79802233e-02, 3.46666814e-02, 6.82611732e-02, 1.61985260e-02,\n",
      "        5.38516425e-03, 9.75342169e-04, 0.00000000e+00],\n",
      "       [4.04527216e-02, 5.25874005e-02, 5.64756953e-02, 6.20004807e-02,\n",
      "        7.21069044e-02, 9.39104358e-02, 1.84616090e-01, 6.23833231e-03,\n",
      "        6.20662136e-03, 6.36550820e-03, 8.04696576e-03, 7.64297058e-03,\n",
      "        8.05217328e-03, 8.30921999e-03, 8.89048584e-03, 9.44953528e-03,\n",
      "        1.07174666e-02, 1.31007259e-02, 1.61985260e-02, 3.02898045e-02,\n",
      "        6.42052147e-03, 1.41894410e-03, 0.00000000e+00],\n",
      "       [1.42287955e-02, 1.77883379e-02, 1.99150053e-02, 2.22912532e-02,\n",
      "        2.66515104e-02, 3.13038788e-02, 7.26414213e-02, 2.17833937e-03,\n",
      "        2.24660953e-03, 2.23484778e-03, 2.81094509e-03, 2.65156448e-03,\n",
      "        2.88134241e-03, 3.01174158e-03, 3.31796991e-03, 3.32585032e-03,\n",
      "        3.38251701e-03, 4.21124413e-03, 5.38516425e-03, 6.42052147e-03,\n",
      "        1.13477654e-02, 1.61740418e-03, 0.00000000e+00],\n",
      "       [3.24406189e-03, 4.06060267e-03, 4.70361723e-03, 4.99043463e-03,\n",
      "        6.30979243e-03, 6.92420210e-03, 1.65979269e-02, 4.82350000e-04,\n",
      "        5.48059768e-04, 4.95178977e-04, 6.86665812e-04, 6.17544832e-04,\n",
      "        6.49257433e-04, 6.90377896e-04, 7.11500870e-04, 7.81774015e-04,\n",
      "        7.60925988e-04, 7.99075259e-04, 9.75342169e-04, 1.41894410e-03,\n",
      "        1.61740418e-03, 2.61871508e-03, 0.00000000e+00],\n",
      "       [0.00000000e+00, 0.00000000e+00, 0.00000000e+00, 0.00000000e+00,\n",
      "        0.00000000e+00, 0.00000000e+00, 0.00000000e+00, 0.00000000e+00,\n",
      "        0.00000000e+00, 0.00000000e+00, 0.00000000e+00, 0.00000000e+00,\n",
      "        0.00000000e+00, 0.00000000e+00, 0.00000000e+00, 0.00000000e+00,\n",
      "        0.00000000e+00, 0.00000000e+00, 0.00000000e+00, 0.00000000e+00,\n",
      "        0.00000000e+00, 0.00000000e+00, 0.00000000e+00]]), array([[1.62243976e+01, 3.18347463e+00, 1.70808307e+00, 1.68757411e+00,\n",
      "        1.87244265e+00, 1.96230680e+00, 2.96932741e+00, 6.11098950e-01,\n",
      "        7.04745107e-01, 8.45383659e-01, 3.67536859e-01, 3.79613274e-01,\n",
      "        3.93863904e-01, 4.16857374e-01, 4.33947165e-01, 4.14201414e-01,\n",
      "        3.93278561e-01, 3.13463374e-01, 2.47178688e-01, 1.66359873e-01,\n",
      "        9.66193183e-02, 4.59238314e-02, 0.00000000e+00],\n",
      "       [3.18347463e+00, 2.66092295e+01, 3.41439649e+00, 3.30107325e+00,\n",
      "        2.86262753e+00, 3.14320695e+00, 4.61229566e+00, 3.57281234e-01,\n",
      "        4.74459537e-01, 6.75668839e-01, 9.11289244e-01, 7.10029384e-01,\n",
      "        4.92105528e-01, 5.29281096e-01, 5.36635751e-01, 5.18076319e-01,\n",
      "        4.90116822e-01, 3.95534386e-01, 3.18912656e-01, 2.18842051e-01,\n",
      "        1.20874256e-01, 5.78782080e-02, 0.00000000e+00],\n",
      "       [1.70808307e+00, 3.41439649e+00, 2.37722968e+01, 3.66267608e+00,\n",
      "        3.34526666e+00, 2.79266737e+00, 4.37024688e+00, 4.03248214e-01,\n",
      "        5.08048821e-01, 6.40393778e-01, 8.19595259e-01, 9.62496068e-01,\n",
      "        9.17867954e-01, 6.91862670e-01, 5.63903766e-01, 5.42224306e-01,\n",
      "        5.05484071e-01, 4.11892131e-01, 3.36878356e-01, 2.31765114e-01,\n",
      "        1.35222243e-01, 6.72393302e-02, 0.00000000e+00],\n",
      "       [1.68757411e+00, 3.30107325e+00, 3.66267608e+00, 2.91780959e+01,\n",
      "        4.21207902e+00, 3.63796276e+00, 4.21388850e+00, 3.49565258e-01,\n",
      "        4.59292392e-01, 5.97731436e-01, 7.28560743e-01, 8.52379917e-01,\n",
      "        1.01303323e+00, 1.07319876e+00, 9.03634514e-01, 6.94356410e-01,\n",
      "        5.67531689e-01, 4.56188278e-01, 3.72384228e-01, 2.52658616e-01,\n",
      "        1.51150119e-01, 7.11708498e-02, 0.00000000e+00],\n",
      "       [1.87244265e+00, 2.86262753e+00, 3.34526666e+00, 4.21207902e+00,\n",
      "        3.77368575e+01, 4.64038427e+00, 5.18658534e+00, 2.93912533e-01,\n",
      "        3.89284957e-01, 4.93434715e-01, 6.65112865e-01, 8.04496219e-01,\n",
      "        9.23181127e-01, 1.09072148e+00, 1.15315507e+00, 1.08524469e+00,\n",
      "        8.26618939e-01, 5.75605149e-01, 4.27667225e-01, 2.92694790e-01,\n",
      "        1.80580641e-01, 9.02406387e-02, 0.00000000e+00],\n",
      "       [1.96230680e+00, 3.14320695e+00, 2.79266737e+00, 3.63796276e+00,\n",
      "        4.64038427e+00, 1.78988180e+01, 6.47966614e+00, 2.73345066e-01,\n",
      "        3.14544996e-01, 4.07544908e-01, 5.06075523e-01, 6.95363062e-01,\n",
      "        8.28093184e-01, 9.80862165e-01, 1.10116641e+00, 1.18461384e+00,\n",
      "        1.13239454e+00, 9.20018707e-01, 6.52851748e-01, 3.86358340e-01,\n",
      "        2.09360468e-01, 9.78444368e-02, 0.00000000e+00],\n",
      "       [2.96932741e+00, 4.61229566e+00, 4.37024688e+00, 4.21388850e+00,\n",
      "        5.18658534e+00, 6.47966614e+00, 4.46857193e+01, 3.88963204e-01,\n",
      "        4.34263142e-01, 4.67407760e-01, 5.49276681e-01, 6.37561370e-01,\n",
      "        8.16720317e-01, 9.05567622e-01, 1.07327577e+00, 1.10685793e+00,\n",
      "        1.23600591e+00, 1.11092246e+00, 1.02543309e+00, 7.44620833e-01,\n",
      "        4.81626015e-01, 2.30179422e-01, 0.00000000e+00],\n",
      "       [6.11098950e-01, 3.57281234e-01, 4.03248214e-01, 3.49565258e-01,\n",
      "        2.93912533e-01, 2.73345066e-01, 3.88963204e-01, 2.28614477e-02,\n",
      "        5.16715277e-02, 7.06114293e-02, 5.29819743e-02, 5.22391317e-02,\n",
      "        5.13297276e-02, 5.98423101e-02, 6.34785235e-02, 6.19762955e-02,\n",
      "        5.90925006e-02, 4.75382496e-02, 3.83708398e-02, 2.60584997e-02,\n",
      "        1.49239961e-02, 6.81515210e-03, 0.00000000e+00],\n",
      "       [7.04745107e-01, 4.74459537e-01, 5.08048821e-01, 4.59292392e-01,\n",
      "        3.89284957e-01, 3.14544996e-01, 4.34263142e-01, 5.16715277e-02,\n",
      "        3.48725286e-02, 6.62802989e-02, 5.06621360e-02, 5.24682532e-02,\n",
      "        5.97771608e-02, 6.24559898e-02, 6.31153620e-02, 6.07916303e-02,\n",
      "        5.82916336e-02, 4.69805262e-02, 3.77240531e-02, 2.53391440e-02,\n",
      "        1.51544881e-02, 7.91998865e-03, 0.00000000e+00],\n",
      "       [8.45383659e-01, 6.75668839e-01, 6.40393778e-01, 5.97731436e-01,\n",
      "        4.93434715e-01, 4.07544908e-01, 4.67407760e-01, 7.06114293e-02,\n",
      "        6.62802989e-02, 5.72103847e-02, 6.40745080e-02, 6.01646157e-02,\n",
      "        6.34141753e-02, 6.54438409e-02, 6.87252866e-02, 6.58394957e-02,\n",
      "        6.16791196e-02, 4.97396396e-02, 3.87114248e-02, 2.60821362e-02,\n",
      "        1.51309805e-02, 6.93824308e-03, 0.00000000e+00],\n",
      "       [3.67536859e-01, 9.11289244e-01, 8.19595259e-01, 7.28560743e-01,\n",
      "        6.65112865e-01, 5.06075523e-01, 5.49276681e-01, 5.29819743e-02,\n",
      "        5.06621360e-02, 6.40745080e-02, 9.04455986e-02, 8.31948491e-02,\n",
      "        7.57944368e-02, 7.51948564e-02, 7.48812812e-02, 7.40441433e-02,\n",
      "        6.98960388e-02, 5.84236455e-02, 4.79804827e-02, 3.32874023e-02,\n",
      "        1.90661025e-02, 9.95984596e-03, 0.00000000e+00],\n",
      "       [3.79613274e-01, 7.10029384e-01, 9.62496068e-01, 8.52379917e-01,\n",
      "        8.04496219e-01, 6.95363062e-01, 6.37561370e-01, 5.22391317e-02,\n",
      "        5.24682532e-02, 6.01646157e-02, 8.31948491e-02, 1.26246091e-01,\n",
      "        9.66665462e-02, 8.77135197e-02, 7.89246796e-02, 7.40595763e-02,\n",
      "        6.82735657e-02, 5.58325086e-02, 4.53239914e-02, 3.13924293e-02,\n",
      "        1.80728290e-02, 8.93558783e-03, 0.00000000e+00],\n",
      "       [3.93863904e-01, 4.92105528e-01, 9.17867954e-01, 1.01303323e+00,\n",
      "        9.23181127e-01, 8.28093184e-01, 8.16720317e-01, 5.13297276e-02,\n",
      "        5.97771608e-02, 6.34141753e-02, 7.57944368e-02, 9.66665462e-02,\n",
      "        1.70928892e-01, 1.11762294e-01, 9.51019875e-02, 8.19028173e-02,\n",
      "        7.17165348e-02, 5.95659454e-02, 4.79243742e-02, 3.30128447e-02,\n",
      "        1.97545183e-02, 9.21485585e-03, 0.00000000e+00],\n",
      "       [4.16857374e-01, 5.29281096e-01, 6.91862670e-01, 1.07319876e+00,\n",
      "        1.09072148e+00, 9.80862165e-01, 9.05567622e-01, 5.98423101e-02,\n",
      "        6.24559898e-02, 6.54438409e-02, 7.51948564e-02, 8.77135197e-02,\n",
      "        1.11762294e-01, 2.14504844e-01, 1.21292592e-01, 9.96301386e-02,\n",
      "        8.07694801e-02, 6.22411984e-02, 4.99678015e-02, 3.38057000e-02,\n",
      "        2.03547560e-02, 9.87867937e-03, 0.00000000e+00],\n",
      "       [4.33947165e-01, 5.36635751e-01, 5.63903766e-01, 9.03634514e-01,\n",
      "        1.15315507e+00, 1.10116641e+00, 1.07327577e+00, 6.34785235e-02,\n",
      "        6.31153620e-02, 6.87252866e-02, 7.48812812e-02, 7.89246796e-02,\n",
      "        9.51019875e-02, 1.21292592e-01, 2.38654326e-01, 1.24094773e-01,\n",
      "        9.67249982e-02, 7.00551799e-02, 5.23937314e-02, 3.62205411e-02,\n",
      "        2.26527080e-02, 1.00515832e-02, 0.00000000e+00],\n",
      "       [4.14201414e-01, 5.18076319e-01, 5.42224306e-01, 6.94356410e-01,\n",
      "        1.08524469e+00, 1.18461384e+00, 1.10685793e+00, 6.19762955e-02,\n",
      "        6.07916303e-02, 6.58394957e-02, 7.40441433e-02, 7.40595763e-02,\n",
      "        8.19028173e-02, 9.96301386e-02, 1.24094773e-01, 2.49815537e-01,\n",
      "        1.21045751e-01, 8.44609728e-02, 6.07194223e-02, 3.80221803e-02,\n",
      "        2.24497430e-02, 1.11299429e-02, 0.00000000e+00],\n",
      "       [3.93278561e-01, 4.90116822e-01, 5.05484071e-01, 5.67531689e-01,\n",
      "        8.26618939e-01, 1.13239454e+00, 1.23600591e+00, 5.90925006e-02,\n",
      "        5.82916336e-02, 6.16791196e-02, 6.98960388e-02, 6.82735657e-02,\n",
      "        7.17165348e-02, 8.07694801e-02, 9.67249982e-02, 1.21045751e-01,\n",
      "        2.41696542e-01, 1.05214684e-01, 7.30310790e-02, 4.32766307e-02,\n",
      "        2.26723304e-02, 1.08004589e-02, 0.00000000e+00],\n",
      "       [3.13463374e-01, 3.95534386e-01, 4.11892131e-01, 4.56188278e-01,\n",
      "        5.75605149e-01, 9.20018707e-01, 1.11092246e+00, 4.75382496e-02,\n",
      "        4.69805262e-02, 4.97396396e-02, 5.84236455e-02, 5.58325086e-02,\n",
      "        5.95659454e-02, 6.22411984e-02, 7.00551799e-02, 8.44609728e-02,\n",
      "        1.05214684e-01, 2.06699321e-01, 8.99762295e-02, 5.30171006e-02,\n",
      "        2.81676275e-02, 1.12335849e-02, 0.00000000e+00],\n",
      "       [2.47178688e-01, 3.18912656e-01, 3.36878356e-01, 3.72384228e-01,\n",
      "        4.27667225e-01, 6.52851748e-01, 1.02543309e+00, 3.83708398e-02,\n",
      "        3.77240531e-02, 3.87114248e-02, 4.79804827e-02, 4.53239914e-02,\n",
      "        4.79243742e-02, 4.99678015e-02, 5.23937314e-02, 6.07194223e-02,\n",
      "        7.30310790e-02, 8.99762295e-02, 1.71671194e-01, 6.52798133e-02,\n",
      "        3.61678116e-02, 1.37146849e-02, 0.00000000e+00],\n",
      "       [1.66359873e-01, 2.18842051e-01, 2.31765114e-01, 2.52658616e-01,\n",
      "        2.92694790e-01, 3.86358340e-01, 7.44620833e-01, 2.60584997e-02,\n",
      "        2.53391440e-02, 2.60821362e-02, 3.32874023e-02, 3.13924293e-02,\n",
      "        3.30128447e-02, 3.38057000e-02, 3.62205411e-02, 3.80221803e-02,\n",
      "        4.32766307e-02, 5.30171006e-02, 6.52798133e-02, 1.19278791e-01,\n",
      "        4.26940622e-02, 1.97442332e-02, 0.00000000e+00],\n",
      "       [9.66193183e-02, 1.20874256e-01, 1.35222243e-01, 1.51150119e-01,\n",
      "        1.80580641e-01, 2.09360468e-01, 4.81626015e-01, 1.49239961e-02,\n",
      "        1.51544881e-02, 1.51309805e-02, 1.90661025e-02, 1.80728290e-02,\n",
      "        1.97545183e-02, 2.03547560e-02, 2.26527080e-02, 2.24497430e-02,\n",
      "        2.26723304e-02, 2.81676275e-02, 3.61678116e-02, 4.26940622e-02,\n",
      "        7.44655014e-02, 2.23077214e-02, 0.00000000e+00],\n",
      "       [4.59238314e-02, 5.78782080e-02, 6.72393302e-02, 7.11708498e-02,\n",
      "        9.02406387e-02, 9.78444368e-02, 2.30179422e-01, 6.81515210e-03,\n",
      "        7.91998865e-03, 6.93824308e-03, 9.95984596e-03, 8.93558783e-03,\n",
      "        9.21485585e-03, 9.87867937e-03, 1.00515832e-02, 1.11299429e-02,\n",
      "        1.08004589e-02, 1.12335849e-02, 1.37146849e-02, 1.97442332e-02,\n",
      "        2.23077214e-02, 3.60901631e-02, 0.00000000e+00],\n",
      "       [0.00000000e+00, 0.00000000e+00, 0.00000000e+00, 0.00000000e+00,\n",
      "        0.00000000e+00, 0.00000000e+00, 0.00000000e+00, 0.00000000e+00,\n",
      "        0.00000000e+00, 0.00000000e+00, 0.00000000e+00, 0.00000000e+00,\n",
      "        0.00000000e+00, 0.00000000e+00, 0.00000000e+00, 0.00000000e+00,\n",
      "        0.00000000e+00, 0.00000000e+00, 0.00000000e+00, 0.00000000e+00,\n",
      "        0.00000000e+00, 0.00000000e+00, 0.00000000e+00]]), array([-1538.72450244]), array([222.40519733]))\n"
     ]
    },
    {
     "name": "stderr",
     "output_type": "stream",
     "text": [
      "RDKit ERROR: [18:30:26] Explicit valence for atom # 3 N, 4, is greater than permitted\n",
      "RDKit ERROR: [18:30:26] Explicit valence for atom # 3 N, 4, is greater than permitted\n",
      "RDKit ERROR: [18:30:26] Explicit valence for atom # 1 N, 4, is greater than permitted\n",
      "RDKit ERROR: [18:30:26] Explicit valence for atom # 2 N, 4, is greater than permitted\n",
      "RDKit ERROR: [18:30:26] Explicit valence for atom # 1 N, 4, is greater than permitted\n",
      "RDKit ERROR: [18:30:26] Explicit valence for atom # 2 N, 4, is greater than permitted\n",
      "RDKit ERROR: [18:30:26] Explicit valence for atom # 5 N, 4, is greater than permitted\n",
      "RDKit ERROR: [18:30:26] Explicit valence for atom # 2 N, 4, is greater than permitted\n",
      "RDKit ERROR: [18:30:26] Explicit valence for atom # 5 N, 4, is greater than permitted\n",
      "RDKit ERROR: [18:30:26] Explicit valence for atom # 3 N, 4, is greater than permitted\n",
      "RDKit ERROR: [18:30:26] Explicit valence for atom # 3 N, 4, is greater than permitted\n",
      "RDKit ERROR: [18:30:26] Explicit valence for atom # 3 N, 4, is greater than permitted\n",
      "RDKit ERROR: [18:30:26] Explicit valence for atom # 2 N, 4, is greater than permitted\n",
      "RDKit ERROR: [18:30:26] Explicit valence for atom # 4 N, 4, is greater than permitted\n",
      "RDKit ERROR: [18:30:26] Explicit valence for atom # 2 N, 4, is greater than permitted\n",
      "RDKit ERROR: [18:30:26] Explicit valence for atom # 2 N, 4, is greater than permitted\n",
      "RDKit ERROR: [18:30:26] Explicit valence for atom # 2 N, 4, is greater than permitted\n",
      "RDKit ERROR: [18:30:26] Explicit valence for atom # 1 N, 4, is greater than permitted\n",
      "RDKit ERROR: [18:30:26] Explicit valence for atom # 3 N, 4, is greater than permitted\n",
      "RDKit ERROR: [18:30:26] Explicit valence for atom # 2 N, 4, is greater than permitted\n",
      "RDKit ERROR: [18:30:26] Explicit valence for atom # 2 N, 4, is greater than permitted\n",
      "RDKit ERROR: [18:30:26] Explicit valence for atom # 2 N, 4, is greater than permitted\n",
      "RDKit ERROR: [18:30:26] Explicit valence for atom # 4 N, 4, is greater than permitted\n",
      "RDKit ERROR: [18:30:26] Explicit valence for atom # 1 N, 4, is greater than permitted\n",
      "RDKit ERROR: [18:30:26] Explicit valence for atom # 4 N, 4, is greater than permitted\n",
      "RDKit ERROR: [18:30:26] Explicit valence for atom # 3 N, 4, is greater than permitted\n",
      "RDKit ERROR: [18:30:26] Explicit valence for atom # 4 N, 4, is greater than permitted\n",
      "RDKit ERROR: [18:30:26] Explicit valence for atom # 6 N, 4, is greater than permitted\n",
      "RDKit ERROR: [18:30:26] Explicit valence for atom # 2 N, 4, is greater than permitted\n",
      "RDKit ERROR: [18:30:26] Explicit valence for atom # 2 N, 4, is greater than permitted\n",
      "RDKit ERROR: [18:30:26] Explicit valence for atom # 2 N, 4, is greater than permitted\n",
      "RDKit ERROR: [18:30:26] Explicit valence for atom # 6 N, 4, is greater than permitted\n",
      "RDKit ERROR: [18:30:26] Explicit valence for atom # 2 N, 4, is greater than permitted\n",
      "RDKit ERROR: [18:30:26] Explicit valence for atom # 2 N, 4, is greater than permitted\n",
      "RDKit ERROR: [18:30:26] Explicit valence for atom # 5 N, 4, is greater than permitted\n",
      "RDKit ERROR: [18:30:26] Explicit valence for atom # 2 N, 4, is greater than permitted\n",
      "RDKit ERROR: [18:30:26] Explicit valence for atom # 6 N, 4, is greater than permitted\n",
      "RDKit ERROR: [18:30:26] Explicit valence for atom # 6 N, 4, is greater than permitted\n",
      "RDKit ERROR: [18:30:26] Explicit valence for atom # 2 N, 4, is greater than permitted\n",
      "RDKit ERROR: [18:30:26] Explicit valence for atom # 6 N, 4, is greater than permitted\n",
      "RDKit ERROR: [18:30:26] Explicit valence for atom # 2 N, 4, is greater than permitted\n",
      "RDKit ERROR: [18:30:26] Explicit valence for atom # 3 N, 4, is greater than permitted\n",
      "RDKit ERROR: [18:30:26] Explicit valence for atom # 3 N, 4, is greater than permitted\n",
      "RDKit ERROR: [18:30:26] Explicit valence for atom # 3 N, 4, is greater than permitted\n",
      "RDKit ERROR: [18:30:26] Explicit valence for atom # 3 N, 4, is greater than permitted\n",
      "RDKit ERROR: [18:30:26] Explicit valence for atom # 3 N, 4, is greater than permitted\n",
      "RDKit ERROR: [18:30:26] Explicit valence for atom # 3 N, 4, is greater than permitted\n",
      "RDKit ERROR: [18:30:26] Explicit valence for atom # 3 N, 4, is greater than permitted\n",
      "RDKit ERROR: [18:30:26] Explicit valence for atom # 3 N, 4, is greater than permitted\n",
      "RDKit ERROR: [18:30:26] Explicit valence for atom # 6 N, 4, is greater than permitted\n",
      "RDKit ERROR: [18:30:26] Explicit valence for atom # 3 N, 4, is greater than permitted\n",
      "RDKit ERROR: [18:30:26] Explicit valence for atom # 2 N, 4, is greater than permitted\n",
      "RDKit ERROR: [18:30:26] Explicit valence for atom # 4 N, 4, is greater than permitted\n",
      "RDKit ERROR: [18:30:26] Explicit valence for atom # 4 N, 4, is greater than permitted\n",
      "RDKit ERROR: [18:30:26] Explicit valence for atom # 5 N, 4, is greater than permitted\n",
      "RDKit ERROR: [18:30:26] Explicit valence for atom # 2 N, 4, is greater than permitted\n",
      "RDKit ERROR: [18:30:26] Explicit valence for atom # 3 N, 4, is greater than permitted\n",
      "RDKit ERROR: [18:30:26] Explicit valence for atom # 5 N, 4, is greater than permitted\n",
      "RDKit ERROR: [18:30:26] Explicit valence for atom # 4 N, 4, is greater than permitted\n",
      "RDKit ERROR: [18:30:26] Explicit valence for atom # 2 N, 4, is greater than permitted\n",
      "RDKit ERROR: [18:30:26] Explicit valence for atom # 2 N, 4, is greater than permitted\n",
      "RDKit ERROR: [18:30:26] Explicit valence for atom # 6 N, 4, is greater than permitted\n",
      "RDKit ERROR: [18:30:26] Explicit valence for atom # 3 N, 4, is greater than permitted\n",
      "RDKit ERROR: [18:30:26] Explicit valence for atom # 1 N, 4, is greater than permitted\n",
      "RDKit ERROR: [18:30:26] Explicit valence for atom # 2 N, 4, is greater than permitted\n",
      "RDKit ERROR: [18:30:26] Explicit valence for atom # 4 N, 4, is greater than permitted\n",
      "RDKit ERROR: [18:30:26] Explicit valence for atom # 2 N, 4, is greater than permitted\n",
      "RDKit ERROR: [18:30:26] Explicit valence for atom # 6 N, 4, is greater than permitted\n",
      "RDKit ERROR: [18:30:26] Explicit valence for atom # 6 N, 4, is greater than permitted\n",
      "RDKit ERROR: [18:30:26] Explicit valence for atom # 6 N, 4, is greater than permitted\n",
      "RDKit ERROR: [18:30:26] Explicit valence for atom # 2 N, 4, is greater than permitted\n",
      "RDKit ERROR: [18:30:26] Explicit valence for atom # 6 N, 4, is greater than permitted\n",
      "RDKit ERROR: [18:30:26] Explicit valence for atom # 6 N, 4, is greater than permitted\n",
      "RDKit ERROR: [18:30:26] Explicit valence for atom # 2 N, 4, is greater than permitted\n",
      "RDKit ERROR: [18:30:27] Explicit valence for atom # 1 N, 4, is greater than permitted\n",
      "RDKit ERROR: [18:30:27] Explicit valence for atom # 1 N, 4, is greater than permitted\n",
      "RDKit ERROR: [18:30:27] Explicit valence for atom # 1 N, 4, is greater than permitted\n",
      "RDKit ERROR: [18:30:27] Explicit valence for atom # 1 N, 4, is greater than permitted\n",
      "RDKit ERROR: [18:30:27] Explicit valence for atom # 5 N, 4, is greater than permitted\n",
      "RDKit ERROR: [18:30:27] Explicit valence for atom # 1 N, 4, is greater than permitted\n",
      "RDKit ERROR: [18:30:27] Explicit valence for atom # 5 N, 4, is greater than permitted\n",
      "RDKit ERROR: [18:30:27] Explicit valence for atom # 4 N, 4, is greater than permitted\n",
      "RDKit ERROR: [18:30:27] Explicit valence for atom # 4 N, 4, is greater than permitted\n",
      "RDKit ERROR: [18:30:27] Explicit valence for atom # 4 N, 4, is greater than permitted\n",
      "RDKit ERROR: [18:30:27] Explicit valence for atom # 1 N, 4, is greater than permitted\n",
      "RDKit ERROR: [18:30:27] Explicit valence for atom # 3 N, 4, is greater than permitted\n",
      "RDKit ERROR: [18:30:27] Explicit valence for atom # 5 N, 4, is greater than permitted\n",
      "RDKit ERROR: [18:30:27] Explicit valence for atom # 2 N, 4, is greater than permitted\n",
      "RDKit ERROR: [18:30:27] Explicit valence for atom # 0 C, 5, is greater than permitted\n",
      "RDKit ERROR: [18:30:27] Explicit valence for atom # 1 N, 4, is greater than permitted\n",
      "RDKit ERROR: [18:30:27] Explicit valence for atom # 1 N, 4, is greater than permitted\n",
      "RDKit ERROR: [18:30:27] Explicit valence for atom # 4 N, 4, is greater than permitted\n",
      "RDKit ERROR: [18:30:27] Explicit valence for atom # 2 C, 5, is greater than permitted\n",
      "RDKit ERROR: [18:30:27] Explicit valence for atom # 1 N, 4, is greater than permitted\n",
      "RDKit ERROR: [18:30:27] Explicit valence for atom # 2 N, 4, is greater than permitted\n",
      "RDKit ERROR: [18:30:27] Explicit valence for atom # 2 N, 4, is greater than permitted\n",
      "RDKit ERROR: [18:30:27] Explicit valence for atom # 1 N, 4, is greater than permitted\n",
      "RDKit ERROR: [18:30:27] Explicit valence for atom # 1 N, 4, is greater than permitted\n",
      "RDKit ERROR: [18:30:27] Explicit valence for atom # 2 N, 4, is greater than permitted\n",
      "RDKit ERROR: [18:30:27] Explicit valence for atom # 2 N, 4, is greater than permitted\n",
      "RDKit ERROR: [18:30:27] Explicit valence for atom # 1 N, 4, is greater than permitted\n",
      "RDKit ERROR: [18:30:27] Explicit valence for atom # 2 N, 4, is greater than permitted\n",
      "RDKit ERROR: [18:30:27] Explicit valence for atom # 2 N, 4, is greater than permitted\n",
      "RDKit ERROR: [18:30:27] Explicit valence for atom # 1 N, 4, is greater than permitted\n",
      "RDKit ERROR: [18:30:27] Explicit valence for atom # 1 N, 4, is greater than permitted\n",
      "RDKit ERROR: [18:30:27] Explicit valence for atom # 3 N, 4, is greater than permitted\n",
      "RDKit ERROR: [18:30:27] Explicit valence for atom # 3 N, 4, is greater than permitted\n",
      "RDKit ERROR: [18:30:27] Explicit valence for atom # 3 N, 4, is greater than permitted\n",
      "RDKit ERROR: [18:30:27] Explicit valence for atom # 5 N, 4, is greater than permitted\n",
      "RDKit ERROR: [18:30:27] Explicit valence for atom # 3 N, 4, is greater than permitted\n",
      "RDKit ERROR: [18:30:27] Explicit valence for atom # 0 C, 5, is greater than permitted\n",
      "RDKit ERROR: [18:30:27] Explicit valence for atom # 3 N, 4, is greater than permitted\n",
      "RDKit ERROR: [18:30:27] Explicit valence for atom # 1 N, 4, is greater than permitted\n",
      "RDKit ERROR: [18:30:27] Explicit valence for atom # 1 N, 4, is greater than permitted\n",
      "RDKit ERROR: [18:30:27] Explicit valence for atom # 4 N, 4, is greater than permitted\n",
      "RDKit ERROR: [18:30:27] Explicit valence for atom # 4 N, 4, is greater than permitted\n",
      "RDKit ERROR: [18:30:27] Explicit valence for atom # 2 N, 4, is greater than permitted\n",
      "RDKit ERROR: [18:30:27] Explicit valence for atom # 2 N, 4, is greater than permitted\n",
      "RDKit ERROR: [18:30:27] Explicit valence for atom # 2 N, 4, is greater than permitted\n",
      "RDKit ERROR: [18:30:27] Explicit valence for atom # 2 N, 4, is greater than permitted\n",
      "RDKit ERROR: [18:30:27] Explicit valence for atom # 2 N, 4, is greater than permitted\n",
      "RDKit ERROR: [18:30:27] Explicit valence for atom # 5 N, 4, is greater than permitted\n",
      "RDKit ERROR: [18:30:27] Explicit valence for atom # 2 N, 4, is greater than permitted\n",
      "RDKit ERROR: [18:30:27] Explicit valence for atom # 2 N, 4, is greater than permitted\n",
      "RDKit ERROR: [18:30:27] Explicit valence for atom # 6 N, 4, is greater than permitted\n",
      "RDKit ERROR: [18:30:27] Explicit valence for atom # 2 N, 4, is greater than permitted\n",
      "RDKit ERROR: [18:30:27] Explicit valence for atom # 6 N, 4, is greater than permitted\n",
      "RDKit ERROR: [18:30:27] Explicit valence for atom # 2 N, 4, is greater than permitted\n",
      "RDKit ERROR: [18:30:27] Explicit valence for atom # 5 N, 4, is greater than permitted\n",
